n = 725
m = 125
q = 16
ρ = 0.09
format = ((b1, b2, b3, b4, k1, k2), [mq estimator results], bit complexity classical, memory, bit complexity quantum)

((3, 1, 1, 118, 1, 1), [('BooleanSolveFXL', 282.0972112358739, 85.19390213757208)], 290.1, 85.2, 286.1)
((2, 2, 1, 118, 1, 1), [('BooleanSolveFXL', 282.0972112358739, 85.19390213757208)], 290.1, 85.2, 286.1)
((2, 1, 2, 118, 1, 1), [('BooleanSolveFXL', 282.0972112358739, 85.19390213757208)], 290.1, 85.2, 286.1)
((1, 3, 1, 118, 1, 1), [('BooleanSolveFXL', 282.0972112358739, 85.19390213757208)], 290.1, 85.2, 286.1)
((1, 2, 2, 118, 1, 1), [('BooleanSolveFXL', 282.0972112358739, 85.19390213757208)], 290.1, 85.2, 286.1)
((1, 1, 3, 118, 1, 1), [('BooleanSolveFXL', 282.0972112358739, 85.19390213757208)], 290.1, 85.2, 286.1)
((3, 1, 1, 117, 2, 1), [('BooleanSolveFXL', 279.28561642735224, 87.7729179087895)], 291.3, 87.8, 285.3)
((3, 1, 1, 117, 1, 2), [('BooleanSolveFXL', 279.28561642735224, 87.7729179087895)], 291.3, 87.8, 285.3)
((2, 2, 1, 117, 2, 1), [('BooleanSolveFXL', 279.28561642735224, 87.7729179087895)], 291.3, 87.8, 285.3)
((2, 2, 1, 117, 1, 2), [('BooleanSolveFXL', 279.28561642735224, 87.7729179087895)], 291.3, 87.8, 285.3)
