n = 860
m = 78
q = 16
ρ = 0.28
format = ((b1, b2, b3, b4, b5, b6, b7, b8, k1, k2), [mq estimator results], bit complexity classical, memory, bit complexity quantum)

((22, 4, 4, 4, 4, 4, 3, 1, 18, 14), [('Crossbred', 21.826162372680045, 11.727920454563199)], 149.8, 11.7, 85.8)
((22, 4, 4, 4, 4, 4, 2, 2, 18, 14), [('Crossbred', 21.826162372680045, 11.727920454563199)], 149.8, 11.7, 85.8)
((22, 4, 4, 4, 4, 4, 1, 3, 18, 14), [('Crossbred', 21.826162372680045, 11.727920454563199)], 149.8, 11.7, 85.8)
((22, 4, 4, 4, 4, 3, 4, 1, 18, 14), [('Crossbred', 21.826162372680045, 11.727920454563199)], 149.8, 11.7, 85.8)
((22, 4, 4, 4, 4, 3, 3, 2, 18, 14), [('Crossbred', 21.826162372680045, 11.727920454563199)], 149.8, 11.7, 85.8)
((22, 4, 4, 4, 4, 3, 2, 3, 18, 14), [('Crossbred', 21.826162372680045, 11.727920454563199)], 149.8, 11.7, 85.8)
((22, 4, 4, 4, 4, 3, 1, 4, 18, 14), [('Crossbred', 21.826162372680045, 11.727920454563199)], 149.8, 11.7, 85.8)
((22, 4, 4, 4, 4, 2, 4, 2, 18, 14), [('Crossbred', 21.826162372680045, 11.727920454563199)], 149.8, 11.7, 85.8)
((22, 4, 4, 4, 4, 2, 3, 3, 18, 14), [('Crossbred', 21.826162372680045, 11.727920454563199)], 149.8, 11.7, 85.8)
((22, 4, 4, 4, 4, 2, 2, 4, 18, 14), [('Crossbred', 21.826162372680045, 11.727920454563199)], 149.8, 11.7, 85.8)
