n = 860
m = 78
q = 16
ρ = 0.28
format = ((b1, b2, b3, b4, b5, b6, b7, b8, k1, k2), [mq estimator results], bit complexity quantum, memory, bit complexity classical)

((21, 4, 4, 4, 4, 4, 3, 1, 18, 15), [('ExhaustiveSearch', 18.0, 8.0)], 84.0, 8.0, 150.0)
((21, 4, 4, 4, 4, 4, 3, 1, 17, 16), [('ExhaustiveSearch', 18.0, 8.0)], 84.0, 8.0, 150.0)
((21, 4, 4, 4, 4, 4, 3, 1, 16, 17), [('ExhaustiveSearch', 18.0, 8.0)], 84.0, 8.0, 150.0)
((21, 4, 4, 4, 4, 4, 2, 2, 18, 15), [('ExhaustiveSearch', 18.0, 8.0)], 84.0, 8.0, 150.0)
((21, 4, 4, 4, 4, 4, 2, 2, 17, 16), [('ExhaustiveSearch', 18.0, 8.0)], 84.0, 8.0, 150.0)
((21, 4, 4, 4, 4, 4, 2, 2, 16, 17), [('ExhaustiveSearch', 18.0, 8.0)], 84.0, 8.0, 150.0)
((21, 4, 4, 4, 4, 4, 1, 3, 18, 15), [('ExhaustiveSearch', 18.0, 8.0)], 84.0, 8.0, 150.0)
((21, 4, 4, 4, 4, 4, 1, 3, 17, 16), [('ExhaustiveSearch', 18.0, 8.0)], 84.0, 8.0, 150.0)
((21, 4, 4, 4, 4, 4, 1, 3, 16, 17), [('ExhaustiveSearch', 18.0, 8.0)], 84.0, 8.0, 150.0)
((21, 4, 4, 4, 4, 3, 4, 1, 18, 15), [('ExhaustiveSearch', 18.0, 8.0)], 84.0, 8.0, 150.0)
