n = 464
m = 80
q = 16
ρ = 0.14
format = ((b1, b2, b3, b4, k1, k2), [mq estimator results], bit complexity classical, memory, bit complexity quantum)

((3, 1, 1, 73, 1, 1), [('BooleanSolveFXL', 185.81456430380567, 57.72003407905707)], 193.8, 57.7, 189.8)
((2, 2, 1, 73, 1, 1), [('BooleanSolveFXL', 185.81456430380567, 57.72003407905707)], 193.8, 57.7, 189.8)
((2, 1, 2, 73, 1, 1), [('BooleanSolveFXL', 185.81456430380567, 57.72003407905707)], 193.8, 57.7, 189.8)
((1, 3, 1, 73, 1, 1), [('BooleanSolveFXL', 185.81456430380567, 57.72003407905707)], 193.8, 57.7, 189.8)
((1, 2, 2, 73, 1, 1), [('BooleanSolveFXL', 185.81456430380567, 57.72003407905707)], 193.8, 57.7, 189.8)
((1, 1, 3, 73, 1, 1), [('BooleanSolveFXL', 185.81456430380567, 57.72003407905707)], 193.8, 57.7, 189.8)
((2, 1, 1, 74, 1, 1), [('BooleanSolveFXL', 187.59127955996118, 60.560691705645134)], 195.6, 60.6, 191.6)
((1, 2, 1, 74, 1, 1), [('BooleanSolveFXL', 187.59127955996118, 60.560691705645134)], 195.6, 60.6, 191.6)
((1, 1, 2, 74, 1, 1), [('BooleanSolveFXL', 187.59127955996118, 60.560691705645134)], 195.6, 60.6, 191.6)
((3, 1, 1, 72, 2, 1), [('BooleanSolveFXL', 183.70298602942822, 62.61654494037865)], 195.7, 62.6, 189.7)
