n = 1240
m = 140
q = 7
ρ = 0.13
format = ((b1, b2, b3, b4, k1, k2), [mq estimator results], bit complexity quantum, memory, bit complexity classical)

((29, 9, 9, 9, 69, 15), [('Crossbred', 26.73262648885044, 14.234443239689758)], 144.3, 14.2, 261.9)
((29, 10, 10, 8, 69, 14), [('Crossbred', 29.375999991956874, 20.018600914042693)], 145.6, 20.0, 261.8)
((29, 10, 9, 9, 69, 14), [('Crossbred', 29.375999991956874, 20.018600914042693)], 145.6, 20.0, 261.8)
((29, 10, 8, 10, 69, 14), [('Crossbred', 29.375999991956874, 20.018600914042693)], 145.6, 20.0, 261.8)
((29, 9, 10, 9, 69, 14), [('Crossbred', 29.375999991956874, 20.018600914042693)], 145.6, 20.0, 261.8)
((29, 9, 9, 10, 69, 14), [('Crossbred', 29.375999991956874, 20.018600914042693)], 145.6, 20.0, 261.8)
((29, 8, 10, 10, 69, 14), [('Crossbred', 29.375999991956874, 20.018600914042693)], 145.6, 20.0, 261.8)
((28, 10, 10, 9, 70, 13), [('Crossbred', 29.375999991956874, 20.018600914042693)], 145.6, 20.0, 261.8)
((28, 10, 10, 9, 69, 14), [('Crossbred', 29.375999991956874, 20.018600914042693)], 145.6, 20.0, 261.8)
((28, 10, 9, 10, 70, 13), [('Crossbred', 29.375999991956874, 20.018600914042693)], 145.6, 20.0, 261.8)
