n = 1666
m = 99
q = 16
ρ = 0.33
format = ((b1, b2, b3, b4, b5, b6, b7, b8, k1, k2), [mq estimator results], bit complexity classical, memory, bit complexity quantum)

((29, 5, 5, 5, 5, 5, 5, 5, 14, 21), [('Crossbred', 22.16320593714337, 14.683213954934427)], 162.2, 14.7, 92.2)
((29, 5, 5, 5, 5, 5, 5, 5, 13, 22), [('Crossbred', 22.16320593714337, 14.683213954934427)], 162.2, 14.7, 92.2)
((30, 1, 7, 6, 3, 6, 6, 6, 14, 20), [('Crossbred', 26.57323796642113, 17.990923846940596)], 162.6, 18.0, 94.6)
((30, 1, 7, 6, 3, 6, 5, 7, 14, 20), [('Crossbred', 26.57323796642113, 17.990923846940596)], 162.6, 18.0, 94.6)
((30, 1, 7, 6, 3, 5, 7, 6, 14, 20), [('Crossbred', 26.57323796642113, 17.990923846940596)], 162.6, 18.0, 94.6)
((30, 1, 7, 6, 3, 5, 6, 7, 14, 20), [('Crossbred', 26.57323796642113, 17.990923846940596)], 162.6, 18.0, 94.6)
((30, 1, 7, 6, 3, 4, 7, 7, 14, 20), [('Crossbred', 26.57323796642113, 17.990923846940596)], 162.6, 18.0, 94.6)
((30, 1, 7, 6, 2, 7, 7, 5, 14, 20), [('Crossbred', 26.57323796642113, 17.990923846940596)], 162.6, 18.0, 94.6)
((30, 1, 7, 6, 2, 7, 6, 6, 14, 20), [('Crossbred', 26.57323796642113, 17.990923846940596)], 162.6, 18.0, 94.6)
((30, 1, 7, 6, 2, 7, 5, 7, 14, 20), [('Crossbred', 26.57323796642113, 17.990923846940596)], 162.6, 18.0, 94.6)
