n = 840
m = 100
q = 7
ρ = 0.17
format = ((b1, b2, b3, b4, k1, k2), [mq estimator results], bit complexity quantum, memory, bit complexity classical)

((27, 2, 2, 1, 43, 25), [('Undefined', 0, 0)], 95.2, 0, 190.4)
((27, 2, 1, 2, 43, 25), [('Undefined', 0, 0)], 95.2, 0, 190.4)
((27, 1, 2, 2, 43, 25), [('Undefined', 0, 0)], 95.2, 0, 190.4)
((26, 2, 2, 2, 44, 24), [('Undefined', 0, 0)], 95.2, 0, 190.4)
((26, 2, 2, 2, 43, 25), [('Undefined', 0, 0)], 95.2, 0, 190.4)
((28, 1, 1, 1, 43, 26), [('Undefined', 0, 0)], 96.6, 0, 193.2)
((27, 2, 1, 1, 44, 25), [('Undefined', 0, 0)], 96.6, 0, 193.2)
((27, 2, 1, 1, 43, 26), [('Undefined', 0, 0)], 96.6, 0, 193.2)
((27, 1, 2, 1, 44, 25), [('Undefined', 0, 0)], 96.6, 0, 193.2)
((27, 1, 2, 1, 43, 26), [('Undefined', 0, 0)], 96.6, 0, 193.2)
