n = 840
m = 100
q = 7
ρ = 0.17
format = ((b1, b2, b3, b4, b5, b6, k1, k2), [mq estimator results], bit complexity classical, memory, bit complexity quantum)

((21, 5, 5, 5, 5, 4, 39, 16), [('ExhaustiveSearch', 15.741309375262933, 12.1357092861044)], 169.7, 12.1, 92.7)
((21, 5, 5, 5, 4, 5, 39, 16), [('ExhaustiveSearch', 15.741309375262933, 12.1357092861044)], 169.7, 12.1, 92.7)
((21, 5, 5, 4, 5, 5, 39, 16), [('ExhaustiveSearch', 15.741309375262933, 12.1357092861044)], 169.7, 12.1, 92.7)
((21, 5, 4, 5, 5, 5, 39, 16), [('ExhaustiveSearch', 15.741309375262933, 12.1357092861044)], 169.7, 12.1, 92.7)
((21, 4, 5, 5, 5, 5, 39, 16), [('ExhaustiveSearch', 15.741309375262933, 12.1357092861044)], 169.7, 12.1, 92.7)
((21, 5, 5, 5, 5, 4, 40, 15), [('Crossbred', 17.240624487608695, 10.521600439723727)], 171.2, 10.5, 94.2)
((21, 5, 5, 5, 4, 5, 40, 15), [('Crossbred', 17.240624487608695, 10.521600439723727)], 171.2, 10.5, 94.2)
((21, 5, 5, 4, 5, 5, 40, 15), [('Crossbred', 17.240624487608695, 10.521600439723727)], 171.2, 10.5, 94.2)
((21, 5, 4, 5, 5, 5, 40, 15), [('Crossbred', 17.240624487608695, 10.521600439723727)], 171.2, 10.5, 94.2)
((21, 4, 5, 5, 5, 5, 40, 15), [('Crossbred', 17.240624487608695, 10.521600439723727)], 171.2, 10.5, 94.2)
