n = 1680
m = 190
q = 7
ρ = 0.09
format = ((b1, b2, b3, b4, k1, k2), [mq estimator results], bit complexity quantum, memory, bit complexity classical)

((34, 11, 11, 11, 108, 15), [('Crossbred', 32.47203443655545, 22.544752236179292)], 204.7, 22.5, 376.9)
((34, 11, 11, 10, 108, 16), [('Crossbred', 31.19626009270825, 20.628259516576655)], 204.8, 20.6, 378.4)
((34, 11, 10, 11, 108, 16), [('Crossbred', 31.19626009270825, 20.628259516576655)], 204.8, 20.6, 378.4)
((34, 10, 11, 11, 108, 16), [('Crossbred', 31.19626009270825, 20.628259516576655)], 204.8, 20.6, 378.4)
((33, 11, 11, 11, 109, 15), [('Crossbred', 31.19626009270825, 20.628259516576655)], 204.8, 20.6, 378.4)
((33, 11, 11, 11, 108, 16), [('Crossbred', 31.19626009270825, 20.628259516576655)], 204.8, 20.6, 378.4)
((33, 11, 11, 11, 107, 17), [('Crossbred', 31.19626009270825, 20.628259516576655)], 204.8, 20.6, 378.4)
((35, 10, 10, 10, 108, 17), [('Crossbred', 29.80879619578165, 15.4241662888181)], 204.8, 15.4, 379.8)
((36, 12, 12, 8, 108, 14), [('Crossbred', 34.114372525486004, 23.643669060515016)], 204.9, 23.6, 375.7)
((36, 12, 8, 12, 108, 14), [('Crossbred', 34.114372525486004, 23.643669060515016)], 204.9, 23.6, 375.7)
