n = 924
m = 67
q = 16
ρ = 0.41
format = ((b1, b2, b3, b4, b5, b6, k1, k2), [mq estimator results], bit complexity classical, memory, bit complexity quantum)

((23, 7, 7, 7, 4, 1, 5, 13), [('Crossbred', 26.56894093086352, 17.4971657451784), ('Undefined', 0, 0)], 98.6, 17.5, 62.6)
((23, 7, 7, 7, 4, 1, 4, 14), [('Crossbred', 26.56894093086352, 17.4971657451784)], 98.6, 17.5, 62.6)
((23, 7, 7, 7, 3, 2, 5, 13), [('Crossbred', 26.56894093086352, 17.4971657451784)], 98.6, 17.5, 62.6)
((23, 7, 7, 7, 3, 2, 4, 14), [('Crossbred', 26.56894093086352, 17.4971657451784)], 98.6, 17.5, 62.6)
((23, 7, 7, 7, 2, 3, 5, 13), [('Crossbred', 26.56894093086352, 17.4971657451784)], 98.6, 17.5, 62.6)
((23, 7, 7, 7, 2, 3, 4, 14), [('Crossbred', 26.56894093086352, 17.4971657451784)], 98.6, 17.5, 62.6)
((23, 7, 7, 7, 1, 4, 5, 13), [('Crossbred', 26.56894093086352, 17.4971657451784)], 98.6, 17.5, 62.6)
((23, 7, 7, 7, 1, 4, 4, 14), [('Crossbred', 26.56894093086352, 17.4971657451784)], 98.6, 17.5, 62.6)
((23, 7, 7, 6, 5, 1, 5, 13), [('Crossbred', 26.56894093086352, 17.4971657451784)], 98.6, 17.5, 62.6)
((23, 7, 7, 6, 5, 1, 4, 14), [('Crossbred', 26.56894093086352, 17.4971657451784)], 98.6, 17.5, 62.6)
