n = 924
m = 67
q = 16
ρ = 0.41
format = ((b1, b2, b3, b4, b5, b6, b7, b8, k1, k2), [mq estimator results], bit complexity classical, memory, bit complexity quantum)

((21, 4, 4, 4, 4, 4, 4, 2, 4, 16), [('ExhaustiveSearch', 18.0, 8.0)], 98.0, 8.0, 58.0)
((21, 4, 4, 4, 4, 4, 4, 2, 3, 17), [('ExhaustiveSearch', 18.0, 8.0)], 98.0, 8.0, 58.0)
((21, 4, 4, 4, 4, 4, 4, 2, 2, 18), [('ExhaustiveSearch', 18.0, 8.0)], 98.0, 8.0, 58.0)
((21, 4, 4, 4, 4, 4, 3, 3, 4, 16), [('ExhaustiveSearch', 18.0, 8.0)], 98.0, 8.0, 58.0)
((21, 4, 4, 4, 4, 4, 3, 3, 3, 17), [('ExhaustiveSearch', 18.0, 8.0)], 98.0, 8.0, 58.0)
((21, 4, 4, 4, 4, 4, 3, 3, 2, 18), [('ExhaustiveSearch', 18.0, 8.0)], 98.0, 8.0, 58.0)
((21, 4, 4, 4, 4, 4, 2, 4, 4, 16), [('ExhaustiveSearch', 18.0, 8.0)], 98.0, 8.0, 58.0)
((21, 4, 4, 4, 4, 4, 2, 4, 3, 17), [('ExhaustiveSearch', 18.0, 8.0)], 98.0, 8.0, 58.0)
((21, 4, 4, 4, 4, 4, 2, 4, 2, 18), [('ExhaustiveSearch', 18.0, 8.0)], 98.0, 8.0, 58.0)
((21, 4, 4, 4, 4, 3, 4, 3, 4, 16), [('ExhaustiveSearch', 18.0, 8.0)], 98.0, 8.0, 58.0)
