n = 1848
m = 142
q = 16
ρ = 0.18
format = ((b1, b2, b3, b4, b5, b6, k1, k2), [mq estimator results], bit complexity classical, memory, bit complexity quantum)

((9, 1, 1, 1, 1, 127, 1, 1), [('BooleanSolveFXL', 300.6570163374641, 92.35656398379412)], 308.7, 92.4, 304.7)
((8, 2, 1, 1, 1, 127, 1, 1), [('BooleanSolveFXL', 300.6570163374641, 92.35656398379412)], 308.7, 92.4, 304.7)
((8, 1, 2, 1, 1, 127, 1, 1), [('BooleanSolveFXL', 300.6570163374641, 92.35656398379412)], 308.7, 92.4, 304.7)
((8, 1, 1, 2, 1, 127, 1, 1), [('BooleanSolveFXL', 300.6570163374641, 92.35656398379412)], 308.7, 92.4, 304.7)
((8, 1, 1, 1, 2, 127, 1, 1), [('BooleanSolveFXL', 300.6570163374641, 92.35656398379412)], 308.7, 92.4, 304.7)
((7, 3, 1, 1, 1, 127, 1, 1), [('BooleanSolveFXL', 300.6570163374641, 92.35656398379412)], 308.7, 92.4, 304.7)
((7, 2, 2, 1, 1, 127, 1, 1), [('BooleanSolveFXL', 300.6570163374641, 92.35656398379412)], 308.7, 92.4, 304.7)
((7, 2, 1, 2, 1, 127, 1, 1), [('BooleanSolveFXL', 300.6570163374641, 92.35656398379412)], 308.7, 92.4, 304.7)
((7, 2, 1, 1, 2, 127, 1, 1), [('BooleanSolveFXL', 300.6570163374641, 92.35656398379412)], 308.7, 92.4, 304.7)
((7, 1, 3, 1, 1, 127, 1, 1), [('BooleanSolveFXL', 300.6570163374641, 92.35656398379412)], 308.7, 92.4, 304.7)
