n = 1298
m = 108
q = 16
ρ = 0.22
format = ((b1, b2, b3, b4, k1, k2), [mq estimator results], bit complexity quantum, memory, bit complexity classical)

((31, 10, 10, 8, 36, 13), [('Crossbred', 34.640634832395776, 20.43363841332154)], 132.6, 20.4, 230.6)
((31, 10, 9, 9, 36, 13), [('Crossbred', 34.640634832395776, 20.43363841332154)], 132.6, 20.4, 230.6)
((31, 10, 8, 10, 36, 13), [('Crossbred', 34.640634832395776, 20.43363841332154)], 132.6, 20.4, 230.6)
((31, 9, 10, 9, 36, 13), [('Crossbred', 34.640634832395776, 20.43363841332154)], 132.6, 20.4, 230.6)
((31, 9, 9, 10, 36, 13), [('Crossbred', 34.640634832395776, 20.43363841332154)], 132.6, 20.4, 230.6)
((31, 8, 10, 10, 36, 13), [('Crossbred', 34.640634832395776, 20.43363841332154)], 132.6, 20.4, 230.6)
((30, 10, 10, 9, 37, 12), [('Crossbred', 34.640634832395776, 20.43363841332154)], 132.6, 20.4, 230.6)
((30, 10, 10, 9, 36, 13), [('Crossbred', 34.640634832395776, 20.43363841332154)], 132.6, 20.4, 230.6)
((30, 10, 9, 10, 37, 12), [('Crossbred', 34.640634832395776, 20.43363841332154)], 132.6, 20.4, 230.6)
((30, 10, 9, 10, 36, 13), [('Crossbred', 34.640634832395776, 20.43363841332154)], 132.6, 20.4, 230.6)
